2.0
-0.0029917764    -0.0030015244    -0.0030032932    -0.0029877614    -0.0029813198    -0.0029711362    -0.002937019    -0.002803351    -0.002761193    
2.1
-0.0045026604    -0.0045641074    -0.0044577846    -0.004349876    -0.0042604492    -0.0041164202    -0.0032859112    -0.0028960086    -0.0027824448    
2.2
-0.039454218    -0.0396511098    -0.039645888    -0.0396093286    -0.0395558012    -0.0393883666    -0.0356105704    -0.0030977228    -0.0028136142    
2.3
-0.040314429    -0.0404207778    -0.040454348    -0.0404455674    -0.0404387078    -0.0403970194    -0.0398599694    -0.0032042182    -0.0028321144    
2.4
-0.0409139424    -0.0409859546    -0.0409485752    -0.040885331    -0.0407992252    -0.0406507526    -0.0399713594    -0.0032224298    -0.0028397424    
2.5
-0.0415583262    -0.0415709234    -0.0415063096    -0.0414047986    -0.0412919622    -0.041113274    -0.0405678552    -0.0033553962    -0.0028475356    
2.6
-0.0420998808    -0.0418735012    -0.0418219698    -0.0418651534    -0.0416856322    -0.0415270688    -0.038431779    -0.0032029342    -0.0028362148    
2.7
-0.042381042    -0.0423519458    -0.042251848    -0.0420551832    -0.0419004338    -0.0416814546    -0.0389510686    -0.003175942    -0.0028420506    
2.8
-0.0428864836    -0.0427574136    -0.042684594    -0.042495529    -0.0422990318    -0.0420108178    -0.038514733    -0.003209871    -0.0028467154    
2.9
-0.0432211266    -0.0431395032    -0.0429686056    -0.0427845656    -0.0425115536    -0.0422618536    -0.0390139598    -0.0032259986    -0.0028501272    
3.0
-0.0435917012    -0.043425476    -0.0432339172    -0.0430452826    -0.0427729304    -0.0424837052    -0.0398426426    -0.0032350194    -0.002847858    
3.1
-0.043828703    -0.0437150566    -0.043477018    -0.0432401112    -0.0429593912    -0.0425916604    -0.0394109774    -0.0031961958    -0.0028502588    
3.2
-0.0441312416    -0.0439417824    -0.0437333736    -0.0434223534    -0.0431458932    -0.0427791038    -0.0387563896    -0.003252939    -0.0028529666    
3.3
-0.044373128    -0.0441831266    -0.0439440234    -0.0436886166    -0.043372245    -0.0429486666    -0.0391863122    -0.0032279224    -0.0028552588    
3.4
-0.0445799094    -0.0443466182    -0.0440739746    -0.0438048804    -0.04350262    -0.0430967884    -0.038888652    -0.0032327086    -0.0028599344    
3.5
-0.0448475392    -0.0445877588    -0.0443319836    -0.044008116    -0.0436543522    -0.0433118348    -0.0390709328    -0.0032603504    -0.0028620232    
3.6
-0.0450480188    -0.0445419282    -0.0445043434    -0.0441647912    -0.043873213    -0.043382671    -0.039457867    -0.0032353596    -0.002863488    
3.7
-0.0451241132    -0.0448993522    -0.0446865854    -0.0443488538    -0.044012097    -0.0435975498    -0.0396295436    -0.0032474334    -0.002864888    
3.8
-0.0452916588    -0.045074562    -0.0448031588    -0.0444291388    -0.0440984528    -0.0437165216    -0.0409209284    -0.0032731232    -0.0028626548    
3.9
-0.0453565536    -0.0451321952    -0.044904881    -0.0445944124    -0.0441873068    -0.043817016    -0.0392055266    -0.003278015    -0.0028609194    
4.0
-0.0455529502    -0.0453591992    -0.0450890522    -0.0447892308    -0.0444313772    -0.0440379726    -0.038604536    -0.0033025444    -0.0028563706    
4.1
-0.0456345812    -0.0454669582    -0.045178082    -0.0448773552    -0.0446188718    -0.0441552708    -0.0401886004    -0.0033681532    -0.002858619    
4.2
-0.0457430186    -0.0456106242    -0.0453665848    -0.045074116    -0.0447286116    -0.044345352    -0.041351168    -0.0034120314    -0.002861092    
4.3
-0.045863406    -0.0456810556    -0.045510568    -0.0452547178    -0.0449066834    -0.044512335    -0.0393922348    -0.0034420326    -0.0028635756    
4.4
-0.046013078    -0.0458935492    -0.0456772238    -0.0454141014    -0.0450946122    -0.0446996368    -0.0412661228    -0.0034658526    -0.0028643388    
4.5
-0.046119067    -0.0460588536    -0.0458441372    -0.0456145928    -0.0452827514    -0.044914835    -0.0419434244    -0.0035167604    -0.0028644858    
4.6
-0.046185099    -0.0459000265    -0.0459352042    -0.0457752042    -0.0454845946    -0.04516125    -0.0394474308    -0.0035391932    -0.0028642384    
4.7
-0.046278242    -0.046186762    -0.0461050126    -0.0458736178    -0.0456236472    -0.0452751158    -0.0415148402    -0.0034751904    -0.0028643232    
4.8
-0.0463691948    -0.0463027064    -0.0461513066    -0.0460193804    -0.045768863    -0.0454289604    -0.0399134222    -0.0035590548    -0.002856226    
4.9
-0.0465229698    -0.0464658474    -0.0463247498    -0.0461493802    -0.0459458906    -0.045564333    -0.0420979004    -0.0034746078    -0.0028546686    
5.0
-0.0466303084    -0.0465959644    -0.0465291304    -0.0464134106    -0.046194883    -0.0457023746    -0.0401779578    -0.0035061256    -0.0028558882    
5.1
-0.0466898908    -0.046608724    -0.0465329238    -0.0464433296    -0.0462430078    -0.0457569284    -0.039252767    -0.0034700536    -0.0028558624    
5.2
-0.0467066788    -0.046639097    -0.0464972052    -0.0463510894    -0.0461900862    -0.0459205026    -0.0409262898    -0.0034719258    -0.002850808    
5.3
-0.0468371546    -0.04662676    -0.0465888108    -0.0463947994    -0.046249166    -0.0459578764    -0.0380516268    -0.0034890672    -0.0028493848    
5.4
-0.0467712564    -0.0466692942    -0.0465805898    -0.0464454726    -0.0461924148    -0.045884544    -0.038839805    -0.0034644706    -0.0028533636    
5.5
-0.0468251398    -0.0466834878    -0.046644894    -0.0464712964    -0.046253782    -0.0459445494    -0.03826527    -0.003445764    -0.0028526698    
5.6
-0.046783271    -0.0466403912    -0.0465393784    -0.0463575752    -0.0462305266    -0.0459820578    -0.0397674454    -0.0033974072    -0.0028430228    
5.7
-0.0466940816    -0.0466340038    -0.0465608184    -0.0464043024    -0.0461623466    -0.0459465302    -0.0375505062    -0.0033756394    -0.0028421718    
5.8
-0.0465343034    -0.04649826    -0.0463511564    -0.0461926832    -0.0459490726    -0.0456612534    -0.0371597784    -0.003393312    -0.002838721    
5.9
-0.0464354076    -0.0464011564    -0.046303565    -0.0460347706    -0.0458447304    -0.0455101374    -0.0364862646    -0.0032711066    -0.0028365242    
6.0
-0.0462134628    -0.0462543984    -0.0460205588    -0.0458519714    -0.0456454738    -0.0453432032    -0.0363078756    -0.0033068382    -0.0028330198    
6.1
-0.04605687    -0.0459925534    -0.0458732928    -0.0457059694    -0.0454007614    -0.0450692268    -0.0359774262    -0.0032034628    -0.0028301598    
6.2
-0.045900236    -0.045794336    -0.0456824766    -0.0454779674    -0.0452368108    -0.0448570552    -0.0352148862    -0.00322539    -0.0028305826    
6.3
-0.0457012864    -0.045564418    -0.045352381    -0.045213537    -0.044941154    -0.0446090884    -0.0336835994    -0.003159959    -0.0028280916    
6.4
-0.0453697208    -0.045239191    -0.0450951408    -0.0448914378    -0.0446304042    -0.0442917984    -0.034065067    -0.0031335212    -0.0028236302    
6.5
-0.0449616862    -0.0449147292    -0.0447747124    -0.0445815546    -0.0442962676    -0.0438663352    -0.0335258818    -0.0031236884    -0.0028220598    
6.6
-0.0445757446    -0.044525853    -0.0443460662    -0.0441912368    -0.0438501716    -0.0435205424    -0.0329509828    -0.0031061244    -0.0028243008    
6.7
-0.0441685872    -0.0440891174    -0.0439766066    -0.043803653    -0.0435240778    -0.0430980544    -0.0323323508    -0.0031030094    -0.0028205692    
6.8
-0.0436133062    -0.0435177702    -0.0433740786    -0.043178208    -0.042914914    -0.0425501088    -0.0312014014    -0.0030714296    -0.002814816    
6.9
-0.0430750364    -0.04303243    -0.0428487772    -0.0427235106    -0.042462972    -0.0420799472    -0.0314994666    -0.0030613416    -0.0028162886    
7.0
-0.0423071654    -0.0423270862    -0.0421224528    -0.0418667808    -0.0416444364    -0.0413420652    -0.0262408802    -0.0030394452    -0.0028114972    
7.1
-0.041522401    -0.0414945298    -0.0413412502    -0.0411942164    -0.0409831336    -0.0405948164    -0.0298784306    -0.0030319874    -0.002810548    
7.2
-0.0408137198    -0.0407869166    -0.0407102318    -0.0404906212    -0.0402951578    -0.039953362    -0.0285545484    -0.0030157078    -0.0028072344    
7.3
-0.039892444    -0.0398715094    -0.0397821302    -0.0395835022    -0.0393306228    -0.0389923958    -0.0280307164    -0.0030191632    -0.0028044778    
7.4
-0.039021673    -0.0390669562    -0.0389611078    -0.038747248    -0.0385480764    -0.0382218282    -0.026359981    -0.002999389    -0.0028021904    
7.5
-0.038032536    -0.038018497    -0.0379758366    -0.0378125152    -0.037646179    -0.0372523744    -0.0262053424    -0.0029901854    -0.0027988918    
7.6
-0.0368945902    -0.0369889812    -0.036989012    -0.0367760338    -0.0365160934    -0.0362099546    -0.025089751    -0.0029684104    -0.0027956068    
7.7
-0.0357974694    -0.0358187624    -0.0357764626    -0.0355732348    -0.0353540496    -0.0350821594    -0.0241657488    -0.0029380684    -0.0027861788    
7.8
-0.0342425328    -0.034295849    -0.0342060586    -0.0340396426    -0.0338898136    -0.033528066    -0.019448531    -0.0028814722    -0.0027761782    
7.9
-0.007720783    -0.0078789314    -0.008024271    -0.0081569904    -0.0082361766    -0.008234049    -0.0031345346    -0.0028105224    -0.0027527578    
8.0
-0.003049977    -0.0030641292    -0.0030698024    -0.0030545722    -0.0030490512    -0.0030257156    -0.0029092096    -0.002780797    -0.0027439772    
