2.0
-0.002859196    -0.00289436166667    -0.00299685966667    -0.00305239733333    -0.00306692033333    -0.00307540866667    -0.00308498066667    -0.00311723633333    -0.00312006833333    -0.00312229066667    -0.00311263733333    -0.00308554766667    -0.00302386766667    -0.00294853333333    -0.00293759066667    -0.00293938666667    -0.00294214633333    
2.1
-0.00290869533333    -0.00301538333333    -0.00325905133333    -0.003521708    -0.00362026866667    -0.00365207333333    -0.00367795166667    -0.003723209    -0.00373968733333    -0.00375715    -0.003725083    -0.00361333633333    -0.00322616366667    -0.003014829    -0.00297391266667    -0.002965308    -0.00296747    
2.2
-0.002946668    -0.003204386    -0.0254908436667    -0.0496527946667    -0.050061659    -0.0501559476667    -0.050224242    -0.0502573863333    -0.050180433    -0.0501104366667    -0.0498488203333    -0.049485003    -0.0249944603333    -0.00315088933333    -0.00296942966667    -0.002948443    -0.00294448433333    
2.3
-0.002980265    -0.003348045    -0.0378822393333    -0.0511857653333    -0.0514104163333    -0.051491983    -0.0515446243333    -0.051588657    -0.0515388776667    -0.0514333973333    -0.0512671213333    -0.050975965    -0.0366392356667    -0.00329708433333    -0.00300440633333    -0.00297237833333    -0.002964367    
2.4
-0.00298298133333    -0.003369595    -0.038375352    -0.0518380283333    -0.0520793196667    -0.0521846153333    -0.0522658423333    -0.052298597    -0.052275276    -0.0522681073333    -0.0521096846667    -0.0517751706667    -0.0370133496667    -0.00331007233333    -0.002992149    -0.00295114633333    -0.00294382266667    
2.5
-0.00300352966667    -0.00340628666667    -0.0381236423333    -0.052325472    -0.0526001126667    -0.0527527926667    -0.0528207223333    -0.0529255963333    -0.0529587463333    -0.052964188    -0.052833771    -0.0524961963333    -0.0381399486667    -0.00334740066667    -0.00301509566667    -0.002971871    -0.00296471466667    
2.6
-0.00299928766667    -0.00340176933333    -0.0385032033333    -0.0529151266667    -0.0531911196667    -0.0533882153333    -0.053543063    -0.0536247633333    -0.0537223223333    -0.0536894603333    -0.0536048593333    -0.0533252716667    -0.0386189986667    -0.00333988333333    -0.002998183    -0.00294983533333    -0.002940741    
2.7
-0.00301815166667    -0.003434365    -0.0382494776667    -0.0534216986667    -0.0536901436667    -0.0538716376667    -0.0540432336667    -0.054166997    -0.054256201    -0.0542564416667    -0.0542545936667    -0.0540031506667    -0.039803331    -0.00338260066667    -0.00302548366667    -0.002973762    -0.00296189966667    
2.8
-0.00301372866667    -0.0034261    -0.0385571123333    -0.0539174063333    -0.0542467286667    -0.0544710596667    -0.054674464    -0.054801675    -0.0548621473333    -0.0549123043333    -0.0549300673333    -0.0546420016667    -0.04042457    -0.00336973266667    -0.00300403666667    -0.002947377    -0.00291298866667    
2.9
-0.00302622733333    -0.00345224866667    -0.0382372026667    -0.0542817823333    -0.0546374456667    -0.0548620953333    -0.0550138563333    -0.0551772386667    -0.0553055536667    -0.0554242723333    -0.0553757093333    -0.0552095763333    -0.0413883583333    -0.00341554    -0.00303494366667    -0.00297620333333    -0.002960357    
3.0
-0.003016299    -0.003439501    -0.0384824656667    -0.0547611063333    -0.055138875    -0.055349909    -0.0555701976667    -0.0557798556667    -0.0559353386667    -0.056002391    -0.0560596656667    -0.055908975    -0.0419749086667    -0.003405934    -0.00301791466667    -0.00295369533333    -0.00293555333333    
3.1
-0.00303210666667    -0.003468108    -0.0382942753333    -0.0552603393333    -0.055627227    -0.0559041313333    -0.0560900393333    -0.0562857423333    -0.0564923533333    -0.056583295    -0.0566142146667    -0.0564979966667    -0.0431082896667    -0.00344966166667    -0.00304632433333    -0.00297907466667    -0.00295919633333    
3.2
-0.003020438    -0.00345779333333    -0.0385298163333    -0.055611634    -0.056014335    -0.0562883036667    -0.0565438813333    -0.05670944    -0.0568449156667    -0.0570180076667    -0.057084531    -0.0569711513333    -0.0435220836667    -0.00343797966667    -0.00303325866667    -0.00296188266667    -0.002939903    
3.3
-0.00303690766667    -0.00348838166667    -0.038280655    -0.0561029633333    -0.056554951    -0.0567816673333    -0.057011045    -0.0572544546667    -0.0574201796667    -0.0575141846667    -0.057576634    -0.057530289    -0.044524213    -0.00348285033333    -0.00306113066667    -0.002988014    -0.00296509333333    
3.4
-0.00302428033333    -0.00348095933333    -0.038389432    -0.0566077463333    -0.0570737603333    -0.0573446256667    -0.0576169036667    -0.057812984    -0.0579415873333    -0.0581315266667    -0.0582332893333    -0.058121564    -0.0452171786667    -0.00348236466667    -0.00304769133333    -0.00296938266667    -0.00294407166667    
3.5
-0.00303760833333    -0.00351569533333    -0.038207315    -0.057134104    -0.0576188163333    -0.0578951476667    -0.058143419    -0.058402865    -0.058580822    -0.0587455506667    -0.0588021116667    -0.058760787    -0.0461954476667    -0.00352965066667    -0.00307853333333    -0.00299966133333    -0.002971755    
3.6
-0.00302868566667    -0.00351027966667    -0.0385918656667    -0.0575364133333    -0.058000499    -0.0582781556667    -0.05859825    -0.0587910446667    -0.058936986    -0.0591315413333    -0.0592466443333    -0.0591786983333    -0.0464891736667    -0.00351881566667    -0.00306435866667    -0.002981825    -0.00294913933333    
3.7
-0.00304173833333    -0.00353900733333    -0.038289367    -0.057904006    -0.0583673253333    -0.058675266    -0.0589590816667    -0.059159792    -0.0593272056667    -0.059556536    -0.0596731006667    -0.0595707193333    -0.0474240326667    -0.00356002866667    -0.00309199433333    -0.00300773733333    -0.00297769466667    
3.8
-0.00302841466667    -0.00353469666667    -0.038471235    -0.0583924036667    -0.058850636    -0.0591691093333    -0.0594150943333    -0.0596344276667    -0.059827767    -0.0600181576667    -0.0601451363333    -0.060010795    -0.0479256683333    -0.003552417    -0.00307806033333    -0.00299105266667    -0.00295950133333    
3.9
-0.00304218133333    -0.00356911466667    -0.038158391    -0.0588667486667    -0.0593425493333    -0.059584696    -0.0598352323333    -0.0601048773333    -0.0602929046667    -0.0604682353333    -0.0605955146667    -0.0605599963333    -0.0489224376667    -0.003600176    -0.003112178    -0.00301843066667    -0.002983153    
4.0
-0.00302703966667    -0.003573808    -0.0382916666667    -0.0593102886667    -0.059770445    -0.060097554    -0.06031947    -0.060594466    -0.060785898    -0.060936236    -0.0610368083333    -0.0609996783333    -0.0494919483333    -0.00359544366667    -0.003097814    -0.00300348666667    -0.002967934    
4.1
-0.00304498366667    -0.00362133033333    -0.0379867996667    -0.059764557    -0.0602123653333    -0.0605346946667    -0.0608265693333    -0.0610199776667    -0.0612152293333    -0.0613161363333    -0.06148435    -0.0613726633333    -0.0503095413333    -0.00364897033333    -0.00312813166667    -0.00303329733333    -0.002995991    
4.2
-0.003028621    -0.00363741733333    -0.038128383    -0.060103992    -0.060657543    -0.0608926723333    -0.0611442056667    -0.061384818    -0.0615810323333    -0.0617537456667    -0.0618292816667    -0.0617173506667    -0.050717499    -0.00363718566667    -0.00311632066667    -0.003016587    -0.00297623766667    
4.3
-0.00304436033333    -0.00368670666667    -0.0377529993333    -0.060542289    -0.0610359486667    -0.0613355073333    -0.0615424496667    -0.0617073876667    -0.0619285943333    -0.0620398896667    -0.062113372    -0.0620019646667    -0.051471946    -0.003690755    -0.00314461    -0.003043058    -0.00300075766667    
4.4
-0.00303461666667    -0.00371046133333    -0.038068577    -0.061007333    -0.0614978156667    -0.061726634    -0.0620797016667    -0.0621686136667    -0.0622468576667    -0.0624250206667    -0.0624795273333    -0.0622974833333    -0.051854885    -0.00367826533333    -0.00312957133333    -0.003025179    -0.002976719    
4.5
-0.003046939    -0.00375638933333    -0.0377481646667    -0.0613831763333    -0.0618500063333    -0.0621587326667    -0.062288969    -0.0625410096667    -0.06267655    -0.0627705373333    -0.0628095756667    -0.0625743273333    -0.0525261623333    -0.00374831333333    -0.003177683    -0.003072989    -0.00302755533333    
4.6
-0.00303147066667    -0.003770663    -0.0379727883333    -0.0617172816667    -0.062225226    -0.062465718    -0.0626343396667    -0.0627969526667    -0.0628595223333    -0.0630169266667    -0.063115238    -0.062788129    -0.0527297473333    -0.00371593266667    -0.00314784633333    -0.00303638766667    -0.00298874466667    
4.7
-0.00304626433333    -0.003809826    -0.037440261    -0.062047063    -0.0625616916667    -0.0628295856667    -0.0629942933333    -0.063150305    -0.063236423    -0.0632077986667    -0.0632475933333    -0.0629748066667    -0.053315812    -0.00375160566667    -0.00316766833333    -0.00305564666667    -0.00300891933333    
4.8
-0.00303318566667    -0.00381193633333    -0.0377424653333    -0.0623894896667    -0.0627983696667    -0.063066555    -0.0632308743333    -0.0633818266667    -0.063436007    -0.0635213343333    -0.0634900496667    -0.063237764    -0.0535501333333    -0.003746736    -0.00315604266667    -0.00304178166667    -0.00299400533333    
4.9
-0.003064118    -0.00384988266667    -0.0370362706667    -0.0627226923333    -0.0631540183333    -0.063423977    -0.063631276    -0.063699523    -0.063768574    -0.063778425    -0.063713655    -0.0635068673333    -0.0543073383333    -0.003791233    -0.00317647066667    -0.00306880266667    -0.00303799033333    
5.0
-0.00302797666667    -0.00381962933333    -0.037050858    -0.0628457333333    -0.063354148    -0.0635755613333    -0.0636793096667    -0.0638088756667    -0.0638549156667    -0.0638636706667    -0.0638792193333    -0.063597245    -0.054402697    -0.00377515833333    -0.00316051233333    -0.003048568    -0.002994229    
5.1
-0.003042985    -0.003835863    -0.036491447    -0.0630452286667    -0.0635602563333    -0.0638476003333    -0.0639956706667    -0.0640459436667    -0.0641188373333    -0.064136102    -0.064066948    -0.0638071266667    -0.0551323763333    -0.00384109333333    -0.003194638    -0.00307467833333    -0.003017833    
5.2
-0.003014038    -0.00382266366667    -0.0365468823333    -0.0633037246667    -0.0637847943333    -0.0639912696667    -0.064055872    -0.0642009106667    -0.0642291353333    -0.064218184    -0.0641885626667    -0.0639365953333    -0.0553825346667    -0.003807681    -0.00315924033333    -0.00304198766667    -0.00298588666667    
5.3
-0.00303675733333    -0.00381892    -0.0358945473333    -0.063417298    -0.0638787306667    -0.0640675796667    -0.0642178186667    -0.0643368376667    -0.0643470456667    -0.0643471613333    -0.064317957    -0.0640809976667    -0.0559494533333    -0.00385106466667    -0.003176978    -0.003057714    -0.00300536033333    
5.4
-0.00301920866667    -0.00379431466667    -0.0358537083333    -0.063482223    -0.0639040476667    -0.064115334    -0.064322225    -0.0644240176667    -0.0644385446667    -0.064446268    -0.064407049    -0.0641539643333    -0.0560425166667    -0.00381987    -0.003146716    -0.00302970866667    -0.00297729533333    
5.5
-0.00303023733333    -0.003784257    -0.035179342    -0.0634380103333    -0.063951737    -0.064132281    -0.064270804    -0.0644392666667    -0.0644571676667    -0.0645211426667    -0.0644315606667    -0.0642345036667    -0.0565581496667    -0.003865656    -0.00316194366667    -0.00304430033333    -0.002996816    
5.6
-0.00301273166667    -0.00373632633333    -0.034865213    -0.06340945    -0.0638804573333    -0.064130046    -0.0643000733333    -0.064323892    -0.0643600983333    -0.0643994373333    -0.064401913    -0.0641612236667    -0.0566391296667    -0.00383825666667    -0.00313148833333    -0.00301687933333    -0.00297162166667    
5.7
-0.003019445    -0.00369729666667    -0.0340206406667    -0.06337581    -0.0638417726667    -0.064094601    -0.0642490866667    -0.0643493836667    -0.0643614093333    -0.06436676    -0.064445215    -0.0641713023333    -0.05734552    -0.003897474    -0.00314177366667    -0.00302967866667    -0.00298728333333    
5.8
-0.00300580766667    -0.003595414    -0.0334164406667    -0.063007759    -0.063520187    -0.0637124473333    -0.0638731253333    -0.0639886476667    -0.0640767216667    -0.0640390113333    -0.0640848316667    -0.063947379    -0.0574414076667    -0.00387375366667    -0.00310932366667    -0.00299919766667    -0.002961719    
5.9
-0.003011335    -0.00354778366667    -0.0322105166667    -0.062691696    -0.0632132783333    -0.0634747533333    -0.0636190266667    -0.0637675126667    -0.063757189    -0.0638553756667    -0.063848731    -0.063639597    -0.057819534    -0.00394277433333    -0.00312140966667    -0.00301390066667    -0.002977862    
6.0
-0.00299593533333    -0.003486671    -0.0319838683333    -0.062382471    -0.0629294676667    -0.0630710206667    -0.063293964    -0.0634371033333    -0.063544376    -0.0635587913333    -0.063515889    -0.0633394836667    -0.0574890456667    -0.00390375333333    -0.003094294    -0.00298852533333    -0.002954735    
6.1
-0.00300678766667    -0.003470984    -0.0310776686667    -0.062082491    -0.0626464983333    -0.0628506143333    -0.0630328716667    -0.0630910146667    -0.0631899576667    -0.0632406393333    -0.063245947    -0.063070032    -0.0577949153333    -0.00396713966667    -0.003110029    -0.003003547    -0.00297165633333    
6.2
-0.00299522166667    -0.003458765    -0.031396627    -0.062092643    -0.062553663    -0.062814948    -0.0630733756667    -0.0631630396667    -0.0632645273333    -0.0632814096667    -0.0632678066667    -0.0630436683333    -0.0576039193333    -0.00391616566667    -0.00308975966667    -0.00298420166667    -0.00295097    
6.3
-0.00300240366667    -0.003428129    -0.0300267983333    -0.061533514    -0.062066146    -0.062383722    -0.0625238953333    -0.062680474    -0.0627401726667    -0.0627598443333    -0.0628169256667    -0.0626659983333    -0.0579432846667    -0.00401372466667    -0.003103337    -0.002998587    -0.00296698433333    
6.4
-0.002986497    -0.00338672266667    -0.0296803876667    -0.0611043333333    -0.0616628313333    -0.0618858936667    -0.0621638553333    -0.062326735    -0.0624053963333    -0.0623898593333    -0.0623874136667    -0.062209517    -0.0576099753333    -0.00398629533333    -0.00307656066667    -0.00297451    -0.00294582566667    
6.5
-0.00299752133333    -0.003377052    -0.0286780666667    -0.0605535836667    -0.0611071313333    -0.0613799956667    -0.0616051266667    -0.0617940546667    -0.0619030773333    -0.0619727643333    -0.0619574723333    -0.061721584    -0.0574777633333    -0.004057246    -0.003094165    -0.00299025333333    -0.002963172    
6.6
-0.002980635    -0.00333883866667    -0.028174851    -0.0600411733333    -0.0606891796667    -0.060895053    -0.0611181    -0.0612655543333    -0.0613882693333    -0.0614616053333    -0.0613688766667    -0.061213179    -0.0571726733333    -0.00404686633333    -0.00306875133333    -0.00296884566667    -0.00294234833333    
6.7
-0.00298901566667    -0.00333529733333    -0.027141046    -0.059530993    -0.0600455226667    -0.0603637346667    -0.0605258146667    -0.0607170996667    -0.0607624483333    -0.0608659816667    -0.0607778956667    -0.0606461276667    -0.0570660626667    -0.00414315566667    -0.00308607633333    -0.002984739    -0.002960662    
6.8
-0.00297245533333    -0.00330816866667    -0.0269280053333    -0.058928519    -0.0595337266667    -0.059813597    -0.0600291776667    -0.0601628483333    -0.0602757423333    -0.0603774663333    -0.060327503    -0.0601942663333    -0.0566333706667    -0.004106866    -0.00306104066667    -0.00296327933333    -0.00293729833333    
6.9
-0.00298157566667    -0.00329979633333    -0.0254187156667    -0.057814084    -0.0585330243333    -0.058747283    -0.0589483883333    -0.059167167    -0.059292521    -0.0593433486667    -0.0592896503333    -0.0591461586667    -0.0560611353333    -0.00422162766667    -0.00307637566667    -0.002980136    -0.002956093    
7.0
-0.00296440533333    -0.00326726933333    -0.024853685    -0.0569934186667    -0.0576052573333    -0.0578969143333    -0.058104862    -0.058323211    -0.058394587    -0.0584943856667    -0.058501761    -0.0583560686667    -0.0553980243333    -0.004199721    -0.00305278    -0.00295985833333    -0.00293648166667    
7.1
-0.00297305733333    -0.00326199566667    -0.0237226966667    -0.0558833763333    -0.056520118    -0.0568116883333    -0.0570768633333    -0.0572479476667    -0.05733897    -0.05737558    -0.0573018613333    -0.057149731    -0.054572809    -0.00430433333333    -0.003069069    -0.00297714033333    -0.00295435666667    
7.2
-0.00295657033333    -0.00322887566667    -0.02288311    -0.054683193    -0.055281116    -0.0556042803333    -0.0558642076667    -0.056099327    -0.0561630826667    -0.0561802143333    -0.056147563    -0.0559551396667    -0.0534575726667    -0.004288753    -0.003042697    -0.002955732    -0.002934711    
7.3
-0.00296857866667    -0.00323093033333    -0.0218285116667    -0.053680903    -0.054296499    -0.054623632    -0.0549061753333    -0.055080367    -0.0551852716667    -0.0552696103333    -0.0551241073333    -0.0549592593333    -0.0525949076667    -0.00437612166667    -0.00306309066667    -0.00297647866667    -0.00295539666667    
7.4
-0.00294895433333    -0.00319744466667    -0.0210738383333    -0.0523818883333    -0.0529860556667    -0.0533221813333    -0.0535229276667    -0.053738603    -0.053853947    -0.0538592506667    -0.0537133956667    -0.0535551103333    -0.0514635993333    -0.00437754    -0.00303507666667    -0.002952698    -0.00293389033333    
7.5
-0.00296208033333    -0.00321426266667    -0.020899781    -0.0523134076667    -0.052964944    -0.0532674213333    -0.0535206966667    -0.0537110486667    -0.05377364    -0.0538275533333    -0.0537494726667    -0.0535569973333    -0.0514647293333    -0.00444534066667    -0.00305717266667    -0.00297451    -0.002955513    
7.6
-0.00294207766667    -0.00317669833333    -0.0200612896667    -0.050725876    -0.0513128063333    -0.0516973693333    -0.051913191    -0.052047515    -0.052196465    -0.0521725206667    -0.052109646    -0.0519309843333    -0.0499937946667    -0.00441408133333    -0.0030312    -0.00295292133333    -0.002934724    
7.7
-0.00294836966667    -0.00316967133333    -0.0188274356667    -0.0489695653333    -0.049632732    -0.0499650926667    -0.0502153623333    -0.0503586326667    -0.0504713293333    -0.0504615513333    -0.0504114933333    -0.050197122    -0.0485445533333    -0.00453863166667    -0.003046797    -0.00297062433333    -0.002954043    
7.8
-0.00292387533333    -0.00311751566667    -0.0181066656667    -0.047379291    -0.047952221    -0.048295384    -0.04851776    -0.0486773003333    -0.048795528    -0.0487893776667    -0.0487323566667    -0.0485110893333    -0.0469778683333    -0.00450190566667    -0.003015534    -0.002943457    -0.00293381266667    
7.9
-0.00292374266667    -0.00308740866667    -0.0163348343333    -0.046139213    -0.0467554106667    -0.0470537833333    -0.0472585956667    -0.047483611    -0.04758258    -0.0475890093333    -0.0474855623333    -0.0472959966667    -0.045680051    -0.004415938    -0.003021564    -0.002966245    -0.00295299866667    
8.0
-0.002888181    -0.00296870333333    -0.00362825833333    -0.0243632326667    -0.0292431743333    -0.0292110083333    -0.0291447123333    -0.0290159026667    -0.0288014433333    -0.028511753    -0.028329442    -0.0279673976667    -0.0156674606667    -0.003197488    -0.00297357733333    -0.00294031533333    -0.00293150466667    
